167
160
189
161
177
117
183
158
161
107
130
185
162
178
195
140
172
166
1000268
1000068
142
128
150
176
111
103
170
183
181
192
134
183
124
138
120
181
189
170
195
144
1000037
1000188
183
124
150
120
174
122
165
122
166
152
199
168
120
118
134
171
151
181
146
111
133
120
159
145
188
165
110
146
158
114
172
186
185
117
140
174
175
109
113
157
199
111
110
100
150
197
156
135
101
100
145
168
109
191
173
119
151
111
140
134
153
111
115
185
104
149
194
163
164
190
134
159
162
182
120
126
156
139
139
162
186
157
184
119
161
149
198
167
116
199
169
133
195
136
115
190
133
111
110
165
181
155
133
168
105
137
119
106
190
182
134
100
180
138
181
165
142
180
104
141
177
184
126
163
184
185
126
160
145
105
142
154
144
137
194
158
168
184
152
159
187
150
167
126
122
157
143
182
123
104
110
109
114
194
104
150
113
171
178
172
